6.630827768958358774e+02
6.683535072865353186e+02
6.728269000173914947e+02
6.610457381338247842e+02
6.328770395733474743e+02
6.328441228319874199e+02
6.589013161806973358e+02
6.735767910141089487e+02
6.800306267664833513e+02
7.108674238421162954e+02
7.285589065451284796e+02
6.542952247708996083e+02
6.520671360304669406e+02
6.629169729577374710e+02
6.868546594425042713e+02
7.159942205983285248e+02
7.113170275691597908e+02
7.259806784556197954e+02
6.523083562930993367e+02
6.295196259463451725e+02
6.112194439564416371e+02
6.780291844463517918e+02
6.870207957284030726e+02
6.922657670220091859e+02
7.428090112584069402e+02
6.663855471777244475e+02
6.669658743168229194e+02
6.910253906774127017e+02
7.033192560850768587e+02
7.149241054968996423e+02
7.273078956704853226e+02
7.343183732146501370e+02
6.579108176239664090e+02
6.169206559914152876e+02
6.858656981294298021e+02
7.095353906968962292e+02
7.141037533849109877e+02
7.529058021756738981e+02
6.815339491712295512e+02
6.386512386801290404e+02
6.679832090166001990e+02
7.380274245418435157e+02
7.410053601877671099e+02
7.399709840420913451e+02
7.683724032044519845e+02
7.597959911814310772e+02
6.662451351295643462e+02
6.351145913306704642e+02
6.139318086092157500e+02
7.142968178027864496e+02
6.936261360791742163e+02
7.063102730099958535e+02
7.188104627305883696e+02
6.698678894814321438e+02
6.536865173639688464e+02
6.780355263539776161e+02
7.038756575265808806e+02
7.317652491562438399e+02
7.387006876751024720e+02
7.304570527606435917e+02
6.749377355572661372e+02
6.790619497960618673e+02
6.970343619210681254e+02
7.201725695765863975e+02
7.053547735108786583e+02
7.258501454578962466e+02
7.187432600148484880e+02
7.105778063139237020e+02
6.923230559597716365e+02
7.083200895880692087e+02
7.690166472832629552e+02
7.685390217008889522e+02
7.916521884960310445e+02
7.758906843347250515e+02
7.103632962776259774e+02
6.614276688074986623e+02
7.279012514993297600e+02
7.045458938016371349e+02
7.366003088727170507e+02
7.376715711949268552e+02
7.364181218036227392e+02
6.827159451265977168e+02
6.757246128887002214e+02
6.799681346626076675e+02
6.889920132877826973e+02
7.086452665082188105e+02
7.767249793684060251e+02
7.039900557239221826e+02
6.702907596337660152e+02
6.672812721611746838e+02
6.802015743696757681e+02
6.897163641328825179e+02
7.566783350998873630e+02
7.701611313681280535e+02
7.578319341425142284e+02
7.920502517648361618e+02
7.714609967876617702e+02
7.031758010369737804e+02
7.336717030464059235e+02
7.512919217728068588e+02
7.678302005374913506e+02
7.827074342165573171e+02
6.940797656181355251e+02
7.120002781670040122e+02
7.329463893290841270e+02
7.544336140277195000e+02
7.690897967740245349e+02
7.887766494235828532e+02
7.665790578772068784e+02
6.963298764676254677e+02
6.977314194018233593e+02
7.058388919420589218e+02
7.384049051533899046e+02
7.549491343565869101e+02
8.021170427437331227e+02
7.888876616973579985e+02
7.367870430901897407e+02
7.158069519373563026e+02
7.337311457115994244e+02
7.448229392265193383e+02
7.979975226900000962e+02
7.893338370189560464e+02
7.710976521027486115e+02
7.091631653174108578e+02
6.957164423047121318e+02
7.489999848982031381e+02
7.649548905789100672e+02
8.235990350542657552e+02
8.381820490473909331e+02
8.114400796346618563e+02
6.933403316412350250e+02
7.217437229797139935e+02
7.521650025570731941e+02
7.728386752334955645e+02
7.706664570827107354e+02
8.060152999375629861e+02
8.351527084404333436e+02
7.794836593993304632e+02
7.588272250661777889e+02
7.699087320053764643e+02
8.139751891767014058e+02
8.240717732292609981e+02
8.753138050110775339e+02
8.465035896611161661e+02
6.740589875186414019e+02
6.752262562761064828e+02
6.645271811979682752e+02
8.089650142999803393e+02
7.908621327133103023e+02
8.282314409178959522e+02
8.151688802133662648e+02
6.985389715203727974e+02
7.395129612884742301e+02
7.577666787098615941e+02
8.032734448228623023e+02
8.259071488083960730e+02
8.447865684230440593e+02
8.433034082571866747e+02
7.169646376823652645e+02
7.566257465208178701e+02
8.093143303619303879e+02
7.903848470351038031e+02
8.294606955167445221e+02
8.030191813910654446e+02
8.010810315397253589e+02
7.196524222486198141e+02
7.116376980462151778e+02
7.486577966524413341e+02
7.985496036766693351e+02
7.970707605062452785e+02
8.310788404309275847e+02
7.992918554856349829e+02
7.129086301270043577e+02
7.025570035133135889e+02
7.406980351698367713e+02
7.813071094454645618e+02
8.125679447068941954e+02
8.297215308064866122e+02
8.066104138766148708e+02
7.292159138457459449e+02
7.541417157081918958e+02
7.585712555250269133e+02
7.520285315471322747e+02
7.808057767881448399e+02
6.218938352115393400e+02
6.371743300900673148e+02
6.363993521332754426e+02
6.546842149714253765e+02
7.395946884246916397e+02
7.680489705665136171e+02
7.824763122780541380e+02
7.900635827013732069e+02
7.860858417570447045e+02
6.905957194409986641e+02
6.889682615412051518e+02
7.520232684192186525e+02
7.800541812061784412e+02
7.792429074870113936e+02
8.006064829444014777e+02
7.885202032826766754e+02
6.786671569631149623e+02
6.987612403629665323e+02
7.399808312276727520e+02
7.746239806192616015e+02
8.009110011309812762e+02
8.131624379108496896e+02
7.874056903596831489e+02
7.179464056610893294e+02
7.084874952886965502e+02
7.487710355587593085e+02
7.489760554447856293e+02
7.900424699698374980e+02
8.072589846128528279e+02
7.689824585499010254e+02
3.075966990012730548e+03
1.890359962535591330e+04
7.368898500576701736e+02
7.421724309080653939e+02
7.570924936353604835e+02
7.362790836805821755e+02
7.446130853488810999e+02
7.048101846562998389e+02
7.392461749198801044e+02
7.288401253601321059e+02
7.769642184726684491e+02
7.691910441621402015e+02
8.066680379855325782e+02
8.657729552116030618e+02
7.305962399387627784e+02
7.237393887901826020e+02
7.280877729801438818e+02
7.475360343832309127e+02
7.767640024415999278e+02
8.039772305772499976e+02
8.669503232749192421e+02
2.103595276040379758e+03
1.111410985246633027e+04
7.275410781116406724e+02
7.317105497195698263e+02
7.797491911005129168e+02
8.022029601227335434e+02
7.627322766544975821e+02
1.887569663625144813e+03
6.880037518014706848e+02
6.528979030375252250e+02
7.577108388204707126e+02
7.817867461346233995e+02
7.338562050098278178e+02
7.644957542183025225e+02
7.486362268327299034e+02
7.179336867884333060e+02
7.659480178360080345e+02
8.143271601322230708e+02
8.022549908651370743e+02
8.667202039759596346e+02
8.242464202632324941e+02
7.075676799209371666e+02
7.255131510987034744e+02
7.825687470202284430e+02
8.265639378377036337e+02
8.227570176977106939e+02
8.081773303477842774e+02
8.175419869428360471e+02
7.571778052397429519e+02
7.781073564177444268e+02
8.452612683945648087e+02
8.414115981088019680e+02
8.338395596597131316e+02
8.273371801252106934e+02
8.273443275426808441e+02
7.682397726415623538e+02
7.389679968104743466e+02
7.749108906650423023e+02
7.876332206264715978e+02
7.877071343327397699e+02
8.155419893595528720e+02
8.022030731067084162e+02
7.098223494566110503e+02
7.384555521777824652e+02
7.830036269994693612e+02
7.966973098063174348e+02
8.044828910104814668e+02
8.275991736280246869e+02
8.369736517701362573e+02
7.765512204777123770e+02
7.655429404027823921e+02
7.021321460213536056e+02
7.591663173230566599e+02
7.912825735470186146e+02
8.319527265295654388e+02
8.288277332818681771e+02
7.383382305848381293e+02
7.285380342280394643e+02
7.536443716804316182e+02
7.756786892903638773e+02
7.954644257966033365e+02
8.308771427613187370e+02
8.108046960215856416e+02
7.475591787508319612e+02
7.251629553131522243e+02
7.656603447510818796e+02
7.791702904784825705e+02
7.921609688435873977e+02
8.140437098396495230e+02
8.392089995214769260e+02
7.165291200106361202e+02
7.074950613214042505e+02
7.793349777208384239e+02
7.634860480039409367e+02
8.073580766284487709e+02
8.702475589017253697e+02
8.517470213883070755e+02
7.477320550501516436e+02
7.390327049414453313e+02
7.649346148829164349e+02
7.906032563293837256e+02
7.957945718681129392e+02
8.119178779360770477e+02
8.285948115437022352e+02
7.477714084499064029e+02
7.200961841266260990e+02
7.482893689569363005e+02
7.800452655565144369e+02
8.011089629489881645e+02
8.338444164292275218e+02
8.130442922498247071e+02
7.243744618192299640e+02
6.629841686946354002e+02
7.646571071528827588e+02
9.169533348582624512e+02
7.827576574396732667e+02
6.594567139074340503e+02
6.445162362483937386e+02
6.860604113803194650e+02
7.181000055717643136e+02
7.920430085411894652e+02
8.052702741573817775e+02
8.450106654649241591e+02
8.419788146634203940e+02
8.840426941937657830e+02
7.713757309618500813e+02
7.244937633200614755e+02
7.799816730824655906e+02
7.670406110905535115e+02
8.998972069745251474e+02
9.045258445486405208e+02
8.622589264499810042e+02
7.748220999748609756e+02
7.019698729838132749e+02
8.280484359659922120e+02
7.985929285963577513e+02
8.670675546841085861e+02
8.712319878179072248e+02
8.365505071715007261e+02
7.732352816324450941e+02
7.438654639768299148e+02
8.000535185350228176e+02
6.471336499785348906e+02
6.202000090355013526e+02
6.981933020308875939e+02
7.463666909318908438e+02
7.500441470738613816e+02
6.978080601821642404e+02
7.376668896237598574e+02
6.384169031382308503e+02
