3.331914128709356326e+00
2.991412715517224541e+00
2.756694248917610501e+00
2.641730253053310662e+00
2.731367722084575789e+00
3.052356260705749946e+00
2.816645424091665184e+00
2.675808775854949584e+00
2.672287089806264504e+00
2.715669283833039405e+00
2.637336293979427371e+00
2.684647911037688406e+00
3.024656564183954899e+00
2.787429905373677741e+00
2.655708225915484277e+00
2.689016290524520070e+00
2.758572638536804789e+00
2.713108425283005776e+00
2.706760363746389508e+00
2.876395117254435529e+00
2.999788710789585089e+00
2.644135632726362761e+00
2.571899321220924239e+00
2.621434233167744043e+00
2.622850599938484351e+00
2.618623863750336511e+00
2.977508656072631155e+00
2.734300805953863822e+00
2.634500566840705993e+00
2.661152526395216711e+00
2.694038763061191055e+00
2.649560613275992349e+00
2.566741805397530385e+00
2.921743952151679480e+00
2.754510642519384600e+00
2.602260708608673756e+00
2.631408482183026365e+00
2.721960529005201579e+00
2.419359896878634952e+00
2.512269386905357393e+00
2.931539568250718819e+00
2.728573774347694769e+00
2.677150173524019294e+00
2.694003098585577849e+00
2.745975065382233904e+00
2.807734418133335907e+00
2.699635769469301838e+00
2.799266175975069881e+00
3.010343149643004423e+00
2.771797221466600014e+00
2.640640284465802790e+00
2.676851250848982566e+00
2.711480109108773906e+00
2.630168857456280040e+00
3.010185624347728961e+00
2.856202901851015330e+00
2.675681558732288856e+00
2.688309072860864291e+00
2.789753911103929784e+00
2.766544822366468814e+00
2.684247771925842407e+00
3.044618055271668844e+00
2.823145710110375628e+00
2.702546394621329728e+00
2.664385669819659963e+00
2.665039349792984513e+00
2.700469384679296869e+00
2.774817446035123147e+00
3.099784650886522552e+00
2.893246002847675857e+00
2.655652935055405006e+00
2.791796627625748428e+00
2.805853120309110604e+00
2.831495716101017024e+00
2.785879688342946636e+00
3.113953173979180811e+00
2.841160415049744259e+00
2.763724162901327830e+00
2.811017313667661721e+00
2.798412530226883188e+00
2.802651772930139451e+00
2.769995648174088387e+00
3.098416220862928672e+00
2.833094931528290950e+00
2.845754118971272728e+00
2.776102057606393281e+00
2.825763408557129264e+00
2.811494163652483280e+00
2.767683650266576922e+00
3.077473170204643615e+00
2.964211462408806952e+00
2.761035768073035079e+00
2.728154891715866004e+00
2.797418909619111105e+00
2.783250303488676192e+00
2.786258203600090688e+00
3.173593573573051163e+00
2.918119899517315208e+00
2.769334337642989752e+00
2.740448243584344468e+00
2.890362613889220444e+00
2.705713808097011785e+00
2.753959321822957218e+00
3.145132637915809770e+00
2.915853879019740802e+00
2.761156446871064762e+00
2.767582755826472951e+00
2.819760497032264279e+00
2.826490268492129587e+00
2.755970043265606684e+00
3.086589959163041907e+00
2.859448796131360826e+00
2.716369444821561174e+00
2.740327526005712944e+00
2.858122736693954113e+00
2.850320330926828127e+00
2.800173146759146636e+00
3.158642891474942704e+00
2.846139802472589242e+00
2.760068613522768111e+00
2.796206904279210370e+00
2.831038309166097999e+00
2.822960824141830916e+00
2.769361771493522362e+00
3.159039971898797816e+00
2.902915596057315195e+00
2.767969962757255598e+00
2.743880440482440619e+00
2.836831947177999247e+00
2.852447293931262617e+00
2.764023052881086517e+00
3.155743200077005373e+00
2.898599184809483642e+00
2.749707973376000592e+00
2.791460654260169427e+00
2.869768195571857472e+00
2.921801660288366964e+00
2.898341454162706832e+00
3.098024905497186676e+00
2.987471391497686479e+00
2.850054148917736008e+00
2.856201896611837210e+00
2.938583997227527611e+00
2.956468771391545403e+00
2.899708768299937400e+00
3.109697191046694620e+00
3.476742794458031582e+00
2.892990564050987867e+00
2.790627478177241549e+00
2.809849500819542989e+00
2.817708457346059348e+00
2.855058759931359269e+00
3.183842123404216018e+00
2.925767976698791184e+00
2.830314958626142907e+00
2.828961647446707417e+00
2.860584022733433596e+00
2.763842250192931616e+00
2.836656939134638566e+00
3.289774331367082638e+00
2.883933413728277273e+00
2.804669999914545908e+00
2.839277269736544262e+00
2.757256598664002745e+00
2.891413634462528304e+00
2.897711619776830005e+00
3.299088688337121766e+00
2.966090450590301852e+00
2.797208283319750688e+00
2.866297269048773799e+00
2.876251077013343593e+00
2.899054926717480107e+00
2.910000814405657277e+00
3.236529562684963945e+00
2.936613951148128177e+00
2.807942249613083696e+00
2.841271039259505748e+00
2.822578773202274238e+00
2.907598256601986453e+00
2.940330929112119129e+00
3.162311795342685361e+00
2.876988914108332906e+00
2.705332536792427689e+00
2.790196561568548894e+00
3.021106108784442856e+00
2.814031711509012545e+00
2.927338890285443807e+00
3.282812448973873476e+00
3.062720632037493118e+00
2.774767514919630251e+00
2.753471371385419530e+00
2.853540746054573862e+00
2.788450370856835114e+00
2.861655685869663568e+00
3.172341406136036213e+00
2.882622838441958102e+00
2.730272248972770210e+00
2.729578923124278411e+00
2.762488486088575002e+00
2.794523197017780181e+00
2.819694059195013924e+00
3.209779968615655399e+00
2.877158344148293523e+00
2.814852687250844365e+00
2.833965832461758705e+00
2.861429751601729077e+00
2.872826304461145508e+00
2.930650789986574356e+00
3.159936631448363453e+00
3.050948562738802217e+00
2.795903167817281876e+00
2.820532098319011194e+00
1.193137108532876312e+02
2.260182195878915934e+02
1.277632429936717955e+02
1.904712702932233128e+02
3.989596520403347313e+01
2.848710456852880490e+00
4.808651532726770483e+01
1.281131477552305853e+02
7.891967433891818473e+01
5.137800666243231973e+01
3.375545487439285619e+00
3.106251514515330214e+01
2.728699543912480863e+01
6.116479341018196436e+01
2.866711202389579327e+01
1.281514885548782274e+02
2.593639623297974239e+01
1.115249220105749544e+02
1.209978091445326811e+02
5.008488070337061515e+01
1.010251337310608193e+02
6.794718343768161617e+01
1.114984373004138547e+02
6.968880481871968868e+01
6.085927659853624050e+01
1.349739207108251264e+02
6.145047405363848725e+01
2.136233197416989427e+01
5.530685501989356112e+01
7.386698361844086946e+01
1.022841071528750518e+02
3.139262444309222744e+00
3.440970019942118263e+00
3.059090335064230892e+00
2.828254711728246384e+00
2.831249636607442444e+00
2.836543460057336485e+00
2.863134864315645789e+00
3.198889519452487562e+00
2.993045120267810777e+00
2.802389116699438798e+00
2.731991198231628726e+00
2.854556316021759521e+00
2.967776388300887191e+00
2.829245902732318463e+00
3.200841478537118423e+00
2.986213499216852085e+00
2.828485144817307617e+00
2.856997611351933752e+00
2.922654825061755002e+00
2.950111704814913693e+00
2.874466842845876613e+00
3.285557475945526829e+00
3.057557687169169203e+00
2.842679088786484787e+00
2.897052541199790721e+00
2.944699854046333165e+00
2.952000194348919582e+00
2.880043031007507359e+00
3.301129131735410560e+00
3.064628241156011512e+00
2.844858089786128641e+00
2.856147243335713348e+00
2.918243428289259533e+00
2.889779960255199676e+00
2.804844288893858728e+00
3.260898274692257015e+00
2.946202713971668885e+00
2.828497724290967685e+00
2.850979721134320410e+00
2.895095314494960714e+00
2.939442157955491908e+00
2.892223541762526828e+00
3.204330859113474261e+00
3.176718323747751871e+00
2.982587931196604814e+00
2.896997217683743298e+00
2.924739809575701788e+00
2.918302325581453527e+00
2.833956944662905375e+00
3.246245893826693596e+00
3.025661063374261772e+00
2.824732334788075505e+00
2.813134395062955040e+00
2.878485581428499973e+00
2.871705034732183304e+00
2.831311044235059526e+00
3.277637793412138123e+00
2.977047569670636218e+00
2.752400209958182131e+00
2.798712698996579373e+00
2.785987622507324346e+00
2.882504246435725559e+00
2.750465273879623140e+00
3.126490679730807631e+00
2.983875200670056849e+00
2.812763499893089492e+00
2.822815088763597657e+00
2.860166326017369975e+00
2.875932894450983657e+00
2.748955726615325723e+00
3.122429860125320644e+00
3.068798027914575677e+00
2.748648197084661238e+00
2.751356334634850409e+00
2.840958444449866338e+00
2.871651125952036310e+00
2.797084882344349044e+00
3.162806317424185387e+00
3.011177934388249433e+00
2.734305935219023986e+00
2.769060621098756947e+00
2.854777750848767948e+00
2.846408024048171725e+00
2.733825421043319714e+00
2.887314908655432610e+00
2.708975559399116495e+00
2.758632577569141819e+00
2.681680509794984957e+00
3.071867894459370252e+00
2.631120488198949392e+00
2.870579278221773833e+00
3.381241971594106666e+00
3.143188750121080677e+00
2.886175089399154903e+00
2.893071997253217731e+00
2.896287487073498923e+00
2.835571001572081862e+00
2.727249907939379714e+00
3.068315889904067895e+00
2.929926830848370134e+00
2.719415531003931186e+00
2.845748471112554245e+00
2.886925238842149799e+00
2.862178381199863342e+00
2.683296652578214925e+00
3.059236670781022127e+00
2.891265296944959040e+00
2.717448479292959185e+00
2.867094031118679887e+00
2.918708927394570107e+00
2.952665790290954551e+00
2.947997860535756853e+00
3.095124179017804789e+00
2.776042454140739135e+00
2.677967044836235377e+00
3.130436045079060481e+00
2.885622371820228516e+00
2.922641074825438334e+00
3.020881721658084107e+00
3.084764578469282092e+00
2.899441991639092997e+00
2.670771705288557563e+00
