4.094500000000000000e+05
3.897600000000000000e+05
4.369960000000000000e+05
4.720350000000000000e+05
4.667030000000000000e+05
4.004820000000000000e+05
4.035920000000000000e+05
4.380200000000000000e+05
4.532310000000000000e+05
4.825830000000000000e+05
5.140770000000000000e+05
4.989080000000000000e+05
4.390340000000000000e+05
4.399410000000000000e+05
4.922370000000000000e+05
4.953800000000000000e+05
5.065080000000000000e+05
5.359820000000000000e+05
5.023280000000000000e+05
4.549080000000000000e+05
3.813730000000000000e+05
4.916660000000000000e+05
5.157790000000000000e+05
5.270970000000000000e+05
5.294710000000000000e+05
5.484050000000000000e+05
4.673020000000000000e+05
4.471720000000000000e+05
4.727960000000000000e+05
4.773600000000000000e+05
5.242620000000000000e+05
5.585740000000000000e+05
5.609180000000000000e+05
4.678110000000000000e+05
4.536050000000000000e+05
4.781200000000000000e+05
5.011210000000000000e+05
5.283880000000000000e+05
4.290090000000000000e+05
3.842800000000000000e+05
4.559590000000000000e+05
4.549210000000000000e+05
4.984900000000000000e+05
5.183010000000000000e+05
5.204010000000000000e+05
5.288840000000000000e+05
5.336730000000000000e+05
5.014690000000000000e+05
4.036140000000000000e+05
4.521090000000000000e+05
5.073370000000000000e+05
5.315190000000000000e+05
5.502770000000000000e+05
5.760480000000000000e+05
4.714360000000000000e+05
4.479210000000000000e+05
4.914250000000000000e+05
5.037000000000000000e+05
5.182680000000000000e+05
5.562290000000000000e+05
5.754970000000000000e+05
4.893640000000000000e+05
4.625760000000000000e+05
4.887420000000000000e+05
5.130710000000000000e+05
5.317690000000000000e+05
5.374270000000000000e+05
5.529050000000000000e+05
4.645480000000000000e+05
4.473810000000000000e+05
4.901100000000000000e+05
5.087810000000000000e+05
5.456030000000000000e+05
5.509000000000000000e+05
5.653650000000000000e+05
4.896850000000000000e+05
4.535360000000000000e+05
4.722860000000000000e+05
4.882270000000000000e+05
4.983150000000000000e+05
5.398690000000000000e+05
5.445990000000000000e+05
4.641430000000000000e+05
4.349240000000000000e+05
4.557570000000000000e+05
4.813360000000000000e+05
5.052930000000000000e+05
5.114500000000000000e+05
4.969500000000000000e+05
4.441890000000000000e+05
4.250590000000000000e+05
4.906890000000000000e+05
5.085230000000000000e+05
5.260180000000000000e+05
5.461490000000000000e+05
5.237030000000000000e+05
4.569880000000000000e+05
4.354980000000000000e+05
4.719660000000000000e+05
4.978320000000000000e+05
5.187060000000000000e+05
5.563330000000000000e+05
5.462880000000000000e+05
4.817250000000000000e+05
4.568680000000000000e+05
4.762000000000000000e+05
4.960980000000000000e+05
5.192420000000000000e+05
5.353230000000000000e+05
5.618770000000000000e+05
4.792230000000000000e+05
4.530810000000000000e+05
4.934810000000000000e+05
4.948920000000000000e+05
5.114200000000000000e+05
5.303890000000000000e+05
5.292620000000000000e+05
4.639570000000000000e+05
4.552280000000000000e+05
4.751250000000000000e+05
4.908550000000000000e+05
5.161950000000000000e+05
5.425280000000000000e+05
5.459800000000000000e+05
4.839650000000000000e+05
4.635210000000000000e+05
4.854640000000000000e+05
5.034480000000000000e+05
5.197830000000000000e+05
5.299200000000000000e+05
5.320810000000000000e+05
4.570640000000000000e+05
4.555990000000000000e+05
4.851270000000000000e+05
5.025830000000000000e+05
5.205250000000000000e+05
5.252100000000000000e+05
5.272450000000000000e+05
4.854350000000000000e+05
4.620130000000000000e+05
4.934540000000000000e+05
4.959370000000000000e+05
4.847660000000000000e+05
4.850040000000000000e+05
4.465860000000000000e+05
3.792160000000000000e+05
3.327300000000000000e+05
4.416090000000000000e+05
4.743910000000000000e+05
5.033250000000000000e+05
5.174200000000000000e+05
5.253580000000000000e+05
4.467920000000000000e+05
4.483860000000000000e+05
4.715540000000000000e+05
4.908930000000000000e+05
5.074460000000000000e+05
5.247550000000000000e+05
4.807660000000000000e+05
4.365250000000000000e+05
4.569110000000000000e+05
4.682120000000000000e+05
4.802760000000000000e+05
5.125280000000000000e+05
4.997190000000000000e+05
4.874190000000000000e+05
4.179580000000000000e+05
4.330320000000000000e+05
4.623750000000000000e+05
4.831650000000000000e+05
4.909410000000000000e+05
4.973900000000000000e+05
4.665980000000000000e+05
4.326400000000000000e+05
4.332690000000000000e+05
4.645510000000000000e+05
4.813620000000000000e+05
4.980120000000000000e+05
4.987960000000000000e+05
4.827620000000000000e+05
4.137650000000000000e+05
4.185500000000000000e+05
4.377260000000000000e+05
4.297890000000000000e+05
3.214060000000000000e+05
3.485170000000000000e+05
3.500720000000000000e+05
3.552100000000000000e+05
4.095960000000000000e+05
4.535990000000000000e+05
4.691460000000000000e+05
4.879000000000000000e+05
4.993840000000000000e+05
4.611080000000000000e+05
4.317790000000000000e+05
4.390930000000000000e+05
4.616730000000000000e+05
4.906230000000000000e+05
5.063440000000000000e+05
5.080610000000000000e+05
4.786220000000000000e+05
4.103960000000000000e+05
4.361260000000000000e+05
4.598380000000000000e+05
4.703880000000000000e+05
4.805590000000000000e+05
4.757520000000000000e+05
4.505140000000000000e+05
4.112450000000000000e+05
4.050760000000000000e+05
4.383460000000000000e+05
4.535440000000000000e+05
3.038250000000000000e+05
2.329910000000000000e+05
2.230840000000000000e+05
2.001900000000000000e+05
4.022880000000000000e+05
4.432500000000000000e+05
4.603560000000000000e+05
4.312470000000000000e+05
4.821270000000000000e+05
4.376780000000000000e+05
1.934600000000000000e+05
3.953410000000000000e+05
4.450900000000000000e+05
4.521520000000000000e+05
4.667040000000000000e+05
4.425030000000000000e+05
4.311100000000000000e+05
3.872320000000000000e+05
3.934810000000000000e+05
4.278830000000000000e+05
4.488860000000000000e+05
4.647900000000000000e+05
4.571960000000000000e+05
4.411130000000000000e+05
3.967230000000000000e+05
3.906460000000000000e+05
4.182860000000000000e+05
4.394860000000000000e+05
4.491030000000000000e+05
4.497740000000000000e+05
4.278560000000000000e+05
3.795510000000000000e+05
3.289520000000000000e+05
4.180990000000000000e+05
4.489860000000000000e+05
4.609340000000000000e+05
5.003790000000000000e+05
5.023790000000000000e+05
4.581440000000000000e+05
4.469610000000000000e+05
4.779800000000000000e+05
4.953550000000000000e+05
4.963330000000000000e+05
5.149820000000000000e+05
5.099740000000000000e+05
4.588590000000000000e+05
4.404700000000000000e+05
4.632390000000000000e+05
4.789320000000000000e+05
4.970610000000000000e+05
5.146600000000000000e+05
5.259800000000000000e+05
4.530330000000000000e+05
4.079330000000000000e+05
4.304150000000000000e+05
4.565560000000000000e+05
4.782340000000000000e+05
4.939570000000000000e+05
5.170690000000000000e+05
4.539860000000000000e+05
4.202590000000000000e+05
4.480650000000000000e+05
4.700790000000000000e+05
4.900170000000000000e+05
5.127710000000000000e+05
5.297310000000000000e+05
4.539480000000000000e+05
4.221120000000000000e+05
4.550230000000000000e+05
4.795140000000000000e+05
5.005010000000000000e+05
5.078140000000000000e+05
5.153310000000000000e+05
4.584610000000000000e+05
3.995580000000000000e+05
4.255600000000000000e+05
4.719090000000000000e+05
4.990960000000000000e+05
5.181500000000000000e+05
5.402350000000000000e+05
4.700240000000000000e+05
4.315320000000000000e+05
4.624060000000000000e+05
4.900180000000000000e+05
5.068810000000000000e+05
5.225700000000000000e+05
5.273430000000000000e+05
4.647900000000000000e+05
4.281930000000000000e+05
4.591390000000000000e+05
4.758250000000000000e+05
4.811960000000000000e+05
5.475180000000000000e+05
5.415520000000000000e+05
4.792780000000000000e+05
4.441370000000000000e+05
4.628370000000000000e+05
4.777860000000000000e+05
5.010040000000000000e+05
5.199570000000000000e+05
5.358750000000000000e+05
4.691340000000000000e+05
4.139780000000000000e+05
4.692400000000000000e+05
4.868710000000000000e+05
4.994760000000000000e+05
5.056610000000000000e+05
5.296390000000000000e+05
4.610740000000000000e+05
4.211440000000000000e+05
4.704460000000000000e+05
4.876520000000000000e+05
4.910030000000000000e+05
5.162980000000000000e+05
5.446590000000000000e+05
4.943370000000000000e+05
4.417240000000000000e+05
4.328070000000000000e+05
4.422170000000000000e+05
3.281770000000000000e+05
3.688660000000000000e+05
4.268070000000000000e+05
3.948480000000000000e+05
4.230090000000000000e+05
4.588970000000000000e+05
4.659900000000000000e+05
4.912360000000000000e+05
5.222490000000000000e+05
5.431200000000000000e+05
4.842320000000000000e+05
4.475930000000000000e+05
4.729250000000000000e+05
4.789430000000000000e+05
4.999120000000000000e+05
5.345070000000000000e+05
5.091680000000000000e+05
4.545090000000000000e+05
4.491910000000000000e+05
4.756340000000000000e+05
4.814470000000000000e+05
4.885860000000000000e+05
5.119570000000000000e+05
4.711460000000000000e+05
3.998260000000000000e+05
3.814940000000000000e+05
3.657090000000000000e+05
2.434840000000000000e+05
3.181860000000000000e+05
3.763960000000000000e+05
3.853030000000000000e+05
4.030430000000000000e+05
4.006750000000000000e+05
4.641150000000000000e+05
